14010
14012
14014
14016
14019
14030
14032
14034
14036
14039
14050
14052
14054
14056
14059
14070
14072
14074
14076
14079
14090
14092
14094
14096
14099
15010
15012
15014
15016
15019
15030
15032
15034
15036
15039
15050
15052
15054
15056
15059
15070
15072
15074
15076
15079
15090
15092
15094
15096
15099
16010
16012
16014
16016
16019
16030
16032
16034
16036
16039
16050
16052
16054
16056
16059
16070
16072
16074
16076
16079
16090
16092
16094
16096
16099
17010
17012
17014
17016
17019
17030
17032
17034
17036
17039
17050
17052
17054
17056
17059
17070
17072
17074
17076
17079
17090
17092
17094
17096
17099
18010
18012
18014
18016
18019
18030
18032
18034
18036
18039
18050
18052
18054
18056
18059
18070
18072
18074
18076
18079
18090
18092
18094
18096
18099
24010
24012
24014
24016
24019
24030
24032
24034
24036
24039
24050
24052
24054
24056
24059
24070
24072
24074
24076
24079
24090
24092
24094
24096
24099
25010
25012
25014
25016
25019
25030
25032
25034
25036
25039
25050
25052
25054
25056
25059
25070
25072
25074
25076
25079
25090
25092
25094
25096
25099
26010
26012
26014
26016
26019
26030
26032
26034
26036
26039
26050
26052
26054
26056
26059
26070
26072
26074
26076
26079
26090
26092
26094
26096
26099
27010
27012
27014
27016
27019
27030
27032
27034
27036
27039
27050
27052
27054
27056
27059
27070
27072
27074
27076
27079
27090
27092
27094
27096
27099
28010
28012
28014
28016
28019
28030
28032
28034
28036
28039
28050
28052
28054
28056
28059
28070
28072
28074
28076
28079
28090
28092
28094
28096
28099
34010
34012
34014
34016
34019
34030
34032
34034
34036
34039
34050
34052
34054
34056
34059
34070
34072
34074
34076
34079
34090
34092
34094
34096
34099
35010
35012
35014
35016
35019
35030
35032
35034
35036
35039
35050
35052
35054
35056
35059
35070
35072
35074
35076
35079
35090
35092
35094
35096
35099
36010
36012
36014
36016
36019
36030
36032
36034
36036
36039
36050
36052
36054
36056
36059
36070
36072
36074
36076
36079
36090
36092
36094
36096
36099
37010
37012
37014
37016
37019
37030
37032
37034
37036
37039
37050
37052
37054
37056
37059
37070
37072
37074
37076
37079
37090
37092
37094
37096
37099
38010
38012
38014
38016
38019
38030
38032
38034
38036
38039
38050
38052
38054
38056
38059
38070
38072
38074
38076
38079
38090
38092
38094
38096
38099
